### 1. SCF
INCAR:  
```
System = fcc Si
ISTART = 0 ; ICHARG=2
ENCUT  = 300
EDIFF = 1.0E-8
ISMEAR = 0; SIGMA = 0.05;
ALGO = Fast
ISYM = 0
LCHARG = .TRUE.
LWAVE = .FALSE.
```

POSCAR:  
```
Si
1.0
        5.4306998253         0.0000000000         0.0000000000
        0.0000000000         5.4306998253         0.0000000000
        0.0000000000         0.0000000000         5.4306998253
   Si
    8
Direct
     0.000000000         0.000000000         0.000000000
     0.000000000         0.500000000         0.500000000
     0.500000000         0.500000000         0.000000000
     0.500000000         0.000000000         0.500000000
     0.750000000         0.250000000         0.750000000
     0.250000000         0.250000000         0.250000000
     0.250000000         0.750000000         0.750000000
     0.750000000         0.750000000         0.250000000
```

KPOINTS:  
```
K-Points
 0
Monkhorst Pack
 11 11 11
 0  0  0
```
 - from OUTCAR: ```NELECT =      32.0000```
 - OSZICAR last line: ```1 F= -.43354085E+02 E0= -.43354085E+02  d E =-.232531E-12```

### 2. Effective masses: Light Hole (CB-2) at Gamma
inp file:
```
0.000 0.000 0.000
0.01
14
V
```

Ouput of EMCc.x:
```
Eigensystem:
  -0.1615334411:    1.0000000000   0.0000000000   0.0000000000
  -0.1615334411:    0.0000000000   1.0000000000   0.0000000000
  -0.1615334411:    0.0000000000   0.0000000000   1.0000000000
```
Reference value: ```0.16m0```.

### 3. Effective masses: Heavy Hole (CB) at Gamma
```Note: unlike in the case of CRYSTAL, same EIGENVAL file can be used  to calculate effective masses for different bands, when using VASP.```

inp file:
```
0.000 0.000 0.000
0.01
16
V
```

Ouput of EMCc.x:
```
Eigensystem:
  -0.2459597491:    0.7071067812   0.5000000000  -0.5000000000
  -0.2459752609:    0.7071067812  -0.5000000000   0.5000000000
  -0.2459675047:    0.0000000000   0.7071067812   0.7071067812
```
Reference value: ```0.25m0```.

### 3. Dependance of effective masses on step size (dk)
#### 3a. Heavy hole
Will be changing step (2nd line in ```inp``` file):  
```
dk = 0.005:
  -0.2720405119:    0.7661845913  -0.4544013490   0.4544013490
  -0.2720863481:   -0.6426205506  -0.5417743202   0.5417743202
  -0.2720514600:    0.0000000000   0.7071067812   0.7071067812

dk = 0.006:
  -0.2739656554:    1.0000000000   0.0000000000   0.0000000000
  -0.2739656554:    0.0000000000   1.0000000000   0.0000000000
  -0.2739656554:    0.0000000000   0.0000000000   1.0000000000

dk = 0.007:
  -0.2716795329:    1.0000000000   0.0000000000   0.0000000000
  -0.2716795329:    0.0000000000   1.0000000000   0.0000000000
  -0.2716795329:    0.0000000000   0.0000000000   1.0000000000

dk = 0.008:
  -0.2340607007:    1.0000000000   0.0000000000   0.0000000000
  -0.2340607007:    0.0000000000   1.0000000000   0.0000000000
  -0.2340607007:    0.0000000000   0.0000000000   1.0000000000

dk = 0.009:
  -0.2397609256:    1.0000000000   0.0000000000   0.0000000000
  -0.2397609256:    0.0000000000   1.0000000000   0.0000000000
  -0.2397609256:    0.0000000000   0.0000000000   1.0000000000

dk = 0.010:
  -0.2459597491:    0.7071067812   0.5000000000  -0.5000000000
  -0.2459752609:    0.7071067812  -0.5000000000   0.5000000000
  -0.2459675047:    0.0000000000   0.7071067812   0.7071067812

dk = 0.011:
  -0.2343304812:    1.0000000000   0.0000000000   0.0000000000
  -0.2343304812:    0.0000000000   1.0000000000   0.0000000000
  -0.2343304812:    0.0000000000   0.0000000000   1.0000000000

dk = 0.012:
  -0.2387399895:    1.0000000000   0.0000000000   0.0000000000
  -0.2387399895:    0.0000000000   1.0000000000   0.0000000000
  -0.2387399895:    0.0000000000   0.0000000000   1.0000000000

dk = 0.015:
  -0.2475896383:    1.0000000000   0.0000000000   0.0000000000
  -0.2475896383:    0.0000000000   1.0000000000   0.0000000000
  -0.2475896383:    0.0000000000   0.0000000000   1.0000000000

dk = 0.025:
  -0.2535682097:    1.0000000000   0.0000000000   0.0000000000
  -0.2535682097:    0.0000000000   1.0000000000   0.0000000000
  -0.2535682097:    0.0000000000   0.0000000000   1.0000000000
```

#### 3a. Light hole
Will be changing step (2nd line in ```inp``` file):  
```
dk = 0.009:
  -0.1594667029:    1.0000000000   0.0000000000   0.0000000000
  -0.1594667029:    0.0000000000   1.0000000000   0.0000000000
  -0.1594667029:    0.0000000000   0.0000000000   1.0000000000

dk = 0.010:
  -0.1615334411:    1.0000000000   0.0000000000   0.0000000000
  -0.1615334411:    0.0000000000   1.0000000000   0.0000000000
  -0.1615334411:    0.0000000000   0.0000000000   1.0000000000

dk = 0.011:
  -0.1611060277:    1.0000000000   0.0000000000   0.0000000000
  -0.1611060277:    0.0000000000   1.0000000000   0.0000000000
  -0.1611060277:    0.0000000000   0.0000000000   1.0000000000

dk = 0.012:
  -0.1620774910:    1.0000000000   0.0000000000   0.0000000000
  -0.1620774910:    0.0000000000   1.0000000000   0.0000000000
  -0.1620774910:    0.0000000000   0.0000000000   1.0000000000

dk = 0.015:
  -0.1640067049:    1.0000000000   0.0000000000   0.0000000000
  -0.1640067049:    0.0000000000   1.0000000000   0.0000000000
  -0.1640067049:    0.0000000000   0.0000000000   1.0000000000

dk = 0.025:
  -0.1647513359:    1.0000000000   0.0000000000   0.0000000000
  -0.1647513359:    0.0000000000   1.0000000000   0.0000000000
  -0.1647513359:    0.0000000000   0.0000000000   1.0000000000
``` 